22.0  0.7
26.0  0.7
28.0  0.7
30.0  0.7
33.0  0.7
37.0  0.7
40.0  0.7
42.0  0.7
45.0  0.7
24.0  0.7
25.0  0.7
26.5  0.7
28.0  0.7
29.5  0.7
30.5  0.7
31.5  0.7
33.0  0.7
34.5  0.7
35.5  0.7
37.0  0.7
38.5  0.7
39.5  0.7
40.5  0.7
42.5  0.7
43.5  0.7
44.5  0.7
46.0  0.7
47.0  0.7
48.5  0.7
33.0  0.7
34.3  0.7
35.0  0.7
36.0  0.7
37.0  0.7
37.3  0.7
38.3  0.7
39.3  0.7
40.0  0.7
40.6  0.7
42.0  0.7
42.6  0.7
43.3  0.7
44.6  0.7
45.3  0.7
46.3  0.7
47.0  0.7
48.0  0.7
48.6  0.7
49.6  0.7
37.7  0.7
38.5  0.7
39.0  0.7
39.7  0.7
40.5  0.7
41.0  0.7
41.5  0.7
42.2  0.7
43.0  0.7
43.7  0.7
44.2  0.7
45.0  0.7
45.5  0.7
46.2  0.7
47.0  0.7
47.7  0.7
48.2  0.7
48.7  0.7
49.5  0.7
50.2  0.7
40.6  0.7
41.2  0.7
41.8  0.7
42.2  0.7
42.8  0.7
43.2  0.7
43.6  0.7
44.4  0.7
44.8  0.7
45.2  0.7
45.8  0.7
46.4  0.7
46.8  0.7
47.4  0.7
48.0  0.7
48.4  0.7
49.0  0.7
49.6  0.7
50.0  0.7
42.1  0.7
42.6  0.7
43.0  0.7
43.3  0.7
43.8  0.7
44.3  0.7
44.6  0.7
45.1  0.7
45.6  0.7
46.0  0.7
46.3  0.7
47.0  0.7
47.3  0.7
47.6  0.7
48.1  0.7
48.6  0.7
49.0  0.7
49.5  0.7
50.0  0.7
50.3  0.7
43.5  0.7
44.0  0.7
44.2  0.7
44.7  0.7
45.0  0.7
45.4  0.7
45.7  0.7
46.1  0.7
46.5  0.7
46.8  0.7
47.2  0.7
47.5  0.7
48.0  0.7
48.2  0.7
48.7  0.7
49.0  0.7
49.4  0.7
49.7  0.7
50.1  0.7
50.5  0.7
44.6  0.7
44.8  0.7
45.2  0.7
45.5  0.7
45.8  0.7
46.2  0.7
46.6  0.7
46.8  0.7
47.1  0.7
47.5  0.7
47.8  0.7
48.1  0.7
48.5  0.7
48.8  0.7
49.0  0.7
49.5  0.7
49.8  0.7
50.1  0.7
50.3  0.7
50.7  0.7
45.4  0.7
45.5  0.7
46.0  0.7
46.3  0.7
46.5  0.7
46.7  0.7
47.1  0.7
47.4  0.7
47.6  0.7
48.0  0.7
48.3  0.7
48.5  0.7
48.8  0.7
49.1  0.7
49.4  0.7
49.7  0.7
50.0  0.7
50.2  0.7
50.6  0.7
45.8  0.7
46.0  0.7
46.3  0.7
46.6  0.7
46.8  0.7
47.2  0.7
47.4  0.7
47.5  0.7
47.8  0.7
48.1  0.7
48.4  0.7
48.6  0.7
48.9  0.7
49.1  0.7
49.4  0.7
49.7  0.7
49.9  0.7
50.2  0.7
50.5  0.7
50.6  0.7
46.3  0.7
46.5  0.7
46.8  0.7
47.0  0.7
47.3  0.7
47.5  0.7
47.7  0.7
48.0  0.7
48.2  0.7
48.4  0.7
48.6  0.7
49.0  0.7
49.1  0.7
49.3  0.7
49.6  0.7
49.9  0.7
50.0  0.7
50.3  0.7
50.5  0.7
50.8  0.7
46.8  0.7
47.0  0.7
47.1  0.7
47.4  0.7
47.6  0.7
47.8  0.7
48.0  0.7
48.2  0.7
48.5  0.7
48.7  0.7
49.0  0.7
49.1  0.7
49.3  0.7
49.6  0.7
49.8  0.7
50.0  0.7
50.3  0.7
50.5  0.7
50.6  0.7
50.9  0.7
47.2  0.7
47.3  0.7
47.5  0.7
47.7  0.7
48.0  0.7
48.2  0.7
48.3  0.7
48.5  0.7
48.8  0.7
49.0  0.7
49.0  0.7
49.3  0.7
49.6  0.7
49.6  0.7
50.0  0.7
50.1  0.7
50.3  0.7
50.5  0.7
50.7  0.7
50.9  0.7
47.5  0.7
47.7  0.7
47.8  0.7
48.0  0.7
48.2  0.7
48.4  0.7
48.5  0.7
48.7  0.7
49.0  0.7
49.1  0.7
49.3  0.7
49.5  0.7
49.7  0.7
49.9  0.7
50.1  0.7
50.2  0.7
50.5  0.7
50.7  0.7
50.7  0.7
47.6  0.7
47.8  0.7
47.9  0.7
48.1  0.7
48.3  0.7
48.5  0.7
48.6  0.7
48.8  0.7
49.0  0.7
49.2  0.7
49.3  0.7
49.5  0.7
49.6  0.7
49.8  0.7
50.0  0.7
50.2  0.7
50.4  0.7
50.6  0.7
50.6  0.7
50.8  0.7
47.9  0.7
48.0  0.7
48.1  0.7
48.3  0.7
48.5  0.7
48.6  0.7
48.8  0.7
49.0  0.7
49.1  0.7
49.3  0.7
49.5  0.7
49.6  0.7
49.8  0.7
50.0  0.7
50.1  0.7
50.3  0.7
50.5  0.7
50.6  0.7
50.8  0.7
50.9  0.7
48.0  0.7
48.2  0.7
48.4  0.7
48.5  0.7
48.7  0.7
48.8  0.7
49.0  0.7
49.1  0.7
49.3  0.7
49.5  0.7
49.6  0.7
49.8  0.7
50.0  0.7
50.1  0.7
50.2  0.7
50.4  0.7
50.5  0.7
50.7  0.7
50.8  0.7
51.0  0.7
48.3  0.7
48.5  0.7
48.6  0.7
48.7  0.7
48.9  0.7
49.1  0.7
49.2  0.7
49.3  0.7
49.5  0.7
49.6  0.7
49.7  0.7
49.9  0.7
50.0  0.7
50.2  0.7
50.3  0.7
50.5  0.7
50.6  0.7
50.7  0.7
51.0  0.7
51.0  0.7
48.5  0.7
48.6  0.7
48.7  0.7
48.9  0.7
49.1  0.7
49.2  0.7
49.3  0.7
49.5  0.7
49.5  0.7
49.7  0.7
49.9  0.7
50.0  0.7
50.1  0.7
50.3  0.7
50.4  0.7
50.5  0.7
50.7  0.7
50.8  0.7
51.0  0.7
48.5  0.7
48.7  0.7
48.8  0.7
48.9  0.7
49.1  0.7
49.2  0.7
49.3  0.7
49.5  0.7
49.6  0.7
49.7  0.7
49.9  0.7
50.0  0.7
50.1  0.7
50.3  0.7
50.4  0.7
50.5  0.7
50.6  0.7
50.8  0.7
50.9  0.7
51.0  0.7
48.7  0.7
48.8  0.7
49.0  0.7
49.1  0.7
49.1  0.7
49.3  0.7
49.4  0.7
49.5  0.7
49.7  0.7
49.8  0.7
50.0  0.7
50.0  0.7
50.1  0.7
50.3  0.7
50.4  0.7
50.6  0.7
50.7  0.7
50.8  0.7
51.0  0.7
51.0  0.7
48.8  0.7
49.0  0.7
49.1  0.7
49.2  0.7
49.3  0.7
49.4  0.7
49.5  0.7
49.7  0.7
49.8  0.7
49.9  0.7
50.0  0.7
50.1  0.7
50.3  0.7
50.4  0.7
50.5  0.7
50.6  0.7
50.7  0.7
50.9  0.7
51.0  0.7
51.1  0.7
49.0  0.7
49.1  0.7
49.2  0.7
49.3  0.7
49.4  0.7
49.5  0.7
49.6  0.7
49.7  0.7
49.9  0.7
50.0  0.7
50.1  0.7
50.2  0.7
50.3  0.7
50.4  0.7
50.6  0.7
50.6  0.7
50.8  0.7
50.9  0.7
51.0  0.7
49.0  0.7
49.1  0.7
49.2  0.7
49.3  0.7
49.4  0.7
49.5  0.7
49.6  0.7
49.7  0.7
49.9  0.7
50.0  0.7
50.1  0.7
50.2  0.7
50.3  0.7
50.4  0.7
50.5  0.7
50.6  0.7
50.7  0.7
50.8  0.7
51.0  0.7
51.0  0.7
49.1  0.7
49.2  0.7
49.3  0.7
49.4  0.7
49.6  0.7
49.6  0.7
49.7  0.7
49.9  0.7
50.0  0.7
50.0  0.7
50.2  0.7
50.3  0.7
50.4  0.7
50.5  0.7
50.6  0.7
50.7  0.7
50.8  0.7
50.9  0.7
51.0  0.7
51.1  0.7
49.3  0.7
49.3  0.7
49.4  0.7
49.5  0.7
49.6  0.7
49.7  0.7
49.8  0.7
49.9  0.7
50.0  0.7
50.1  0.7
50.3  0.7
50.3  0.7
50.4  0.7
50.5  0.7
50.6  0.7
50.7  0.7
50.8  0.7
50.9  0.7
51.0  0.7
49.2  0.7
49.3  0.7
49.4  0.7
49.5  0.7
49.6  0.7
49.7  0.7
49.8  0.7
49.9  0.7
50.0  0.7
50.1  0.7
50.2  0.7
50.3  0.7
50.4  0.7
50.5  0.7
50.6  0.7
50.7  0.7
50.8  0.7
50.9  0.7
51.0  0.7
51.1  0.7
49.3  0.7
49.5  0.7
49.5  0.7
49.6  0.7
49.7  0.7
49.8  0.7
49.9  0.7
50.0  0.7
50.1  0.7
50.2  0.7
50.3  0.7
50.3  0.7
50.5  0.7
50.6  0.7
50.7  0.7
50.7  0.7
50.8  0.7
51.0  0.7
51.0  0.7
51.1  0.7
49.4  0.7
49.5  0.7
49.6  0.7
49.7  0.7
49.8  0.7
49.9  0.7
50.0  0.7
50.1  0.7
50.2  0.7
50.2  0.7
50.4  0.7
50.4  0.7
50.5  0.7
50.6  0.7
50.7  0.7
50.8  0.7
50.9  0.7
51.0  0.7
51.1  0.7
49.4  0.7
49.5  0.7
49.6  0.7
49.7  0.7
49.8  0.7
49.9  0.7
50.0  0.7
50.1  0.7
50.2  0.7
50.2  0.7
50.3  0.7
50.4  0.7
50.5  0.7
50.6  0.7
50.7  0.7
50.8  0.7
50.9  0.7
51.0  0.7
51.0  0.7
51.1  0.7
49.5  0.7
49.6  0.7
49.7  0.7
49.8  0.7
49.9  0.7
50.0  0.7
50.0  0.7
50.1  0.7
50.2  0.7
50.3  0.7
50.4  0.7
50.5  0.7
50.5  0.7
50.7  0.7
50.7  0.7
50.8  0.7
50.9  0.7
51.0  0.7
51.0  0.7
51.1  0.7
49.6  0.7
49.7  0.7
49.8  0.7
49.9  0.7
50.0  0.7
50.0  0.7
50.1  0.7
50.2  0.7
50.3  0.7
50.3  0.7
50.5  0.7
50.5  0.7
50.6  0.7
50.7  0.7
50.8  0.7
50.8  0.7
50.9  0.7
51.0  0.7
51.1  0.7
49.6  0.7
49.7  0.7
49.8  0.7
49.8  0.7
50.0  0.7
50.0  0.7
50.1  0.7
50.2  0.7
50.3  0.7
50.3  0.7
50.4  0.7
50.5  0.7
50.6  0.7
50.6  0.7
50.7  0.7
50.8  0.7
50.9  0.7
51.0  0.7
51.0  0.7
51.1  0.7
49.7  0.7
49.8  0.7
49.8  0.7
49.9  0.7
50.0  0.7
50.1  0.7
50.1  0.7
50.2  0.7
50.3  0.7
50.4  0.7
50.5  0.7
50.5  0.7
50.6  0.7
50.7  0.7
50.8  0.7
50.8  0.7
50.9  0.7
51.0  0.7
51.1  0.7
51.1  0.7
49.8  0.7
49.8  0.7
49.9  0.7
50.0  0.7
50.1  0.7
50.1  0.7
50.2  0.7
50.3  0.7
50.4  0.7
50.4  0.7
50.5  0.7
50.6  0.7
50.6  0.7
50.8  0.7
50.8  0.7
50.8  0.7
51.0  0.7
51.0  0.7
51.1  0.7
51.2  0.7
49.8  0.7
49.9  0.7
50.0  0.7
50.0  0.7
50.1  0.7
50.2  0.7
50.3  0.7
50.3  0.7
50.4  0.7
50.5  0.7
50.6  0.7
50.6  0.7
50.7  0.7
50.7  0.7
50.8  0.7
50.9  0.7
51.0  0.7
51.0  0.7
51.1  0.7
49.8  0.7
49.9  0.7
49.9  0.7
50.0  0.7
50.1  0.7
50.1  0.7
50.2  0.7
50.3  0.7
50.4  0.7
50.4  0.7
50.5  0.7
50.6  0.7
50.7  0.7
50.7  0.7
50.8  0.7
50.8  0.7
50.9  0.7
51.0  0.7
51.1  0.7
51.1  0.7
49.9  0.7
49.9  0.7
50.0  0.7
50.1  0.7
50.1  0.7
50.2  0.7
50.3  0.7
50.3  0.7
50.4  0.7
50.5  0.7
50.6  0.7
50.6  0.7
50.7  0.7
50.8  0.7
50.8  0.7
50.9  0.7
51.0  0.7
51.0  0.7
51.1  0.7
51.2  0.7
49.9  0.7
50.0  0.7
50.1  0.7
50.1  0.7
50.2  0.7
50.2  0.7
50.3  0.7
50.4  0.7
50.4  0.7
50.5  0.7
50.6  0.7
50.6  0.7
50.7  0.7
50.8  0.7
50.8  0.7
50.9  0.7
51.0  0.7
51.1  0.7
51.1  0.7
49.9  0.7
50.0  0.7
50.0  0.7
50.1  0.7
50.2  0.7
50.2  0.7
50.3  0.7
50.4  0.7
50.4  0.7
50.5  0.7
50.6  0.7
50.6  0.7
50.7  0.7
50.8  0.7
50.8  0.7
50.9  0.7
51.0  0.7
51.0  0.7
51.1  0.7
51.2  0.7
50.0  0.7
50.0  0.7
50.1  0.7
50.2  0.7
50.2  0.7
50.3  0.7
50.3  0.7
50.4  0.7
50.5  0.7
50.5  0.7
50.6  0.7
50.7  0.7
50.7  0.7
50.8  0.7
50.9  0.7
50.9  0.7
51.0  0.7
51.0  0.7
51.1  0.7
51.2  0.7
50.0  0.7
50.1  0.7
50.1  0.7
50.2  0.7
50.3  0.7
50.3  0.7
50.4  0.7
50.5  0.7
50.5  0.7
50.6  0.7
50.6  0.7
50.7  0.7
50.8  0.7
50.8  0.7
50.9  0.7
51.0  0.7
51.0  0.7
51.1  0.7
51.1  0.7
50.0  0.7
50.1  0.7
50.1  0.7
50.2  0.7
50.3  0.7
50.4  0.7
50.6  0.7
50.6  0.7
50.7  0.7
50.7  0.7
50.8  0.7
50.8  0.7
50.9  0.7
51.0  0.7
51.0  0.7
