39.0  1.3
46.0  1.3
51.0  1.3
56.0  1.3
61.0  1.3
67.0  1.3
71.0  1.3
76.0  1.3
82.0  1.3
43.5  1.3
46.0  1.3
48.5  1.3
51.0  1.3
54.0  1.3
56.0  1.3
59.0  1.3
61.5  1.3
64.5  1.3
67.0  1.3
69.5  1.3
72.0  1.3
74.5  1.3
77.0  1.3
79.5  1.3
82.5  1.3
85.0  1.3
87.5  1.3
89.5  1.3
61.6  1.3
63.3  1.3
65.0  1.3
66.6  1.3
68.6  1.3
70.0  1.3
72.0  1.3
73.6  1.3
75.3  1.3
77.3  1.3
79.0  1.3
80.6  1.3
82.3  1.3
84.3  1.3
85.6  1.3
87.3  1.3
89.0  1.3
91.0  1.3
92.6  1.3
94.3  1.3
72.0  1.3
73.2  1.3
74.5  1.3
75.7  1.3
77.2  1.3
78.5  1.3
80.0  1.3
81.2  1.3
82.5  1.3
83.7  1.3
85.0  1.3
86.2  1.3
87.5  1.3
89.0  1.3
90.0  1.3
91.5  1.3
92.7  1.3
94.0  1.3
95.2  1.3
77.2  1.3
78.2  1.3
79.4  1.3
80.4  1.3
81.4  1.3
82.4  1.3
83.4  1.3
84.4  1.3
85.6  1.3
86.4  1.3
87.6  1.3
88.6  1.3
89.6  1.3
90.6  1.3
91.6  1.3
92.6  1.3
93.6  1.3
94.8  1.3
95.8  1.3
80.6  1.3
81.5  1.3
82.5  1.3
83.3  1.3
84.1  1.3
84.8  1.3
85.6  1.3
86.5  1.3
87.5  1.3
88.3  1.3
89.1  1.3
90.0  1.3
90.8  1.3
91.8  1.3
92.5  1.3
93.5  1.3
94.3  1.3
95.3  1.3
96.0  1.3
83.0  1.3
83.8  1.3
84.5  1.3
85.2  1.3
86.0  1.3
86.7  1.3
87.5  1.3
88.2  1.3
89.0  1.3
89.7  1.3
90.4  1.3
91.1  1.3
91.8  1.3
92.7  1.3
93.4  1.3
94.1  1.3
94.8  1.3
95.5  1.3
96.2  1.3
97.0  1.3
85.6  1.3
86.1  1.3
86.7  1.3
87.5  1.3
88.1  1.3
88.7  1.3
89.5  1.3
90.1  1.3
90.7  1.3
91.3  1.3
92.0  1.3
92.6  1.3
93.2  1.3
94.0  1.3
94.5  1.3
95.2  1.3
95.8  1.3
96.5  1.3
97.1  1.3
87.0  1.3
87.5  1.3
88.1  1.3
88.6  1.3
89.2  1.3
89.7  1.3
90.3  1.3
91.0  1.3
91.5  1.3
92.1  1.3
92.6  1.3
93.3  1.3
93.8  1.3
94.4  1.3
95.0  1.3
95.5  1.3
96.1  1.3
96.6  1.3
97.3  1.3
88.0  1.3
88.6  1.3
89.1  1.3
89.6  1.3
90.1  1.3
90.6  1.3
91.1  1.3
91.6  1.3
92.1  1.3
92.6  1.3
93.2  1.3
93.7  1.3
94.2  1.3
94.7  1.3
95.2  1.3
95.7  1.3
96.2  1.3
96.7  1.3
97.3  1.3
89.0  1.3
89.4  1.3
89.9  1.3
90.3  1.3
90.8  1.3
91.2  1.3
91.8  1.3
92.1  1.3
92.6  1.3
93.0  1.3
93.6  1.3
94.0  1.3
94.5  1.3
95.0  1.3
95.4  1.3
95.9  1.3
96.4  1.3
96.9  1.3
97.2  1.3
97.8  1.3
90.0  1.3
90.5  1.3
90.9  1.3
91.4  1.3
91.8  1.3
92.2  1.3
92.6  1.3
93.0  1.3
93.5  1.3
93.9  1.3
94.4  1.3
94.8  1.3
95.2  1.3
95.6  1.3
96.0  1.3
96.5  1.3
96.9  1.3
97.3  1.3
97.7  1.3
90.6  1.3
91.0  1.3
91.4  1.3
91.8  1.3
92.2  1.3
92.6  1.3
93.0  1.3
93.3  1.3
93.8  1.3
94.2  1.3
94.6  1.3
95.0  1.3
95.3  1.3
95.8  1.3
96.2  1.3
96.6  1.3
97.0  1.3
97.3  1.3
97.7  1.3
91.1  1.3
91.5  1.3
91.8  1.3
92.2  1.3
92.6  1.3
93.0  1.3
93.3  1.3
93.7  1.3
94.1  1.3
94.5  1.3
94.8  1.3
95.2  1.3
95.5  1.3
95.9  1.3
96.3  1.3
96.7  1.3
97.0  1.3
97.4  1.3
97.7  1.3
98.2  1.3
92.0  1.3
92.3  1.3
92.6  1.3
93.0  1.3
93.3  1.3
93.6  1.3
94.0  1.3
94.3  1.3
94.7  1.3
95.0  1.3
95.4  1.3
95.8  1.3
96.1  1.3
96.4  1.3
96.8  1.3
97.1  1.3
97.4  1.3
97.8  1.3
98.2  1.3
92.3  1.3
92.6  1.3
93.0  1.3
93.3  1.3
93.6  1.3
94.0  1.3
94.3  1.3
94.6  1.3
95.0  1.3
95.2  1.3
95.6  1.3
95.8  1.3
96.2  1.3
96.5  1.3
96.8  1.3
97.1  1.3
97.5  1.3
97.8  1.3
98.1  1.3
92.7  1.3
93.0  1.3
93.3  1.3
93.5  1.3
93.9  1.3
94.2  1.3
94.5  1.3
94.8  1.3
95.1  1.3
95.4  1.3
95.7  1.3
96.0  1.3
96.3  1.3
96.7  1.3
97.0  1.3
97.2  1.3
97.5  1.3
97.8  1.3
98.2  1.3
93.0  1.3
93.3  1.3
93.6  1.3
93.8  1.3
94.1  1.3
94.4  1.3
94.7  1.3
95.0  1.3
95.3  1.3
95.6  1.3
95.8  1.3
96.1  1.3
96.4  1.3
96.7  1.3
97.0  1.3
97.3  1.3
97.5  1.3
97.8  1.3
98.1  1.3
98.4  1.3
93.5  1.3
93.7  1.3
94.1  1.3
94.3  1.3
94.6  1.3
94.9  1.3
95.2  1.3
95.4  1.3
95.7  1.3
96.0  1.3
96.2  1.3
96.5  1.3
96.7  1.3
97.1  1.3
97.3  1.3
97.6  1.3
97.8  1.3
98.2  1.3
98.4  1.3
93.8  1.3
94.0  1.3
94.3  1.3
94.5  1.3
94.8  1.3
95.0  1.3
95.3  1.3
95.6  1.3
95.8  1.3
96.1  1.3
96.3  1.3
96.6  1.3
96.9  1.3
97.1  1.3
97.4  1.3
97.6  1.3
97.9  1.3
98.1  1.3
98.4  1.3
94.0  1.3
94.2  1.3
94.4  1.3
94.7  1.3
94.9  1.3
95.1  1.3
95.4  1.3
95.7  1.3
96.0  1.3
96.2  1.3
96.4  1.3
96.7  1.3
96.9  1.3
97.1  1.3
97.4  1.3
97.6  1.3
97.9  1.3
98.1  1.3
98.3  1.3
94.1  1.3
94.4  1.3
94.6  1.3
94.8  1.3
95.0  1.3
95.3  1.3
95.5  1.3
95.8  1.3
96.0  1.3
96.2  1.3
96.5  1.3
96.7  1.3
97.0  1.3
97.2  1.3
97.4  1.3
97.7  1.3
97.9  1.3
98.1  1.3
98.4  1.3
98.6  1.3
94.5  1.3
94.8  1.3
95.0  1.3
95.2  1.3
95.4  1.3
95.7  1.3
95.9  1.3
96.1  1.3
96.3  1.3
96.6  1.3
96.8  1.3
97.0  1.3
97.2  1.3
97.5  1.3
97.7  1.3
97.9  1.3
98.1  1.3
98.3  1.3
98.6  1.3
94.6  1.3
94.9  1.3
95.1  1.3
95.3  1.3
95.5  1.3
95.7  1.3
96.0  1.3
96.2  1.3
96.4  1.3
96.6  1.3
96.8  1.3
97.0  1.3
97.2  1.3
97.5  1.3
97.7  1.3
97.9  1.3
98.1  1.3
98.3  1.3
98.5  1.3
94.8  1.3
95.0  1.3
95.2  1.3
95.4  1.3
95.6  1.3
95.8  1.3
96.0  1.3
96.3  1.3
96.5  1.3
96.7  1.3
96.9  1.3
97.1  1.3
97.3  1.3
97.5  1.3
97.7  1.3
97.9  1.3
98.1  1.3
98.3  1.3
98.5  1.3
94.9  1.3
95.1  1.3
95.3  1.3
95.5  1.3
95.7  1.3
95.9  1.3
96.1  1.3
96.3  1.3
96.5  1.3
96.7  1.3
96.9  1.3
97.1  1.3
97.3  1.3
97.5  1.3
97.7  1.3
97.9  1.3
98.1  1.3
98.3  1.3
98.5  1.3
98.7  1.3
95.2  1.3
95.4  1.3
95.6  1.3
95.8  1.3
96.0  1.3
96.2  1.3
96.4  1.3
96.6  1.3
96.8  1.3
97.0  1.3
97.1  1.3
97.4  1.3
97.5  1.3
97.7  1.3
97.9  1.3
98.1  1.3
98.3  1.3
98.5  1.3
98.7  1.3
95.3  1.3
95.5  1.3
95.7  1.3
95.9  1.3
96.1  1.3
96.3  1.3
96.5  1.3
96.6  1.3
96.8  1.3
97.0  1.3
97.2  1.3
97.4  1.3
97.6  1.3
97.7  1.3
97.9  1.3
98.1  1.3
98.3  1.3
98.5  1.3
98.7  1.3
95.4  1.3
95.6  1.3
95.8  1.3
96.0  1.3
96.2  1.3
96.3  1.3
96.5  1.3
96.7  1.3
96.9  1.3
97.1  1.3
97.2  1.3
97.4  1.3
97.5  1.3
97.7  1.3
97.9  1.3
98.1  1.3
98.3  1.3
98.5  1.3
98.6  1.3
95.5  1.3
