34.0  0.8
38.0  0.8
43.0  0.8
47.0  0.8
52.0  0.8
56.0  0.8
62.0  0.8
66.0  0.8
70.0  0.8
37.0  0.8
39.5  0.8
42.0  0.8
44.5  0.8
46.5  0.8
49.0  0.8
51.0  0.8
53.0  0.8
55.0  0.8
57.5  0.8
59.5  0.8
61.5  0.8
64.0  0.8
66.0  0.8
68.0  0.8
70.0  0.8
72.5  0.8
74.5  0.8
76.5  0.8
52.3  0.8
53.6  0.8
55.3  0.8
56.6  0.8
58.3  0.8
59.6  0.8
61.0  0.8
62.6  0.8
64.0  0.8
65.3  0.8
66.6  0.8
68.3  0.8
69.3  0.8
70.6  0.8
72.3  0.8
73.6  0.8
75.0  0.8
76.6  0.8
78.3  0.8
59.7  0.8
60.5  0.8
61.7  0.8
62.7  0.8
64.0  0.8
65.0  0.8
66.2  0.8
67.2  0.8
68.0  0.8
69.2  0.8
70.0  0.8
71.2  0.8
72.2  0.8
73.5  0.8
74.7  0.8
75.7  0.8
76.7  0.8
77.7  0.8
79.0  0.8
80.0  0.8
64.8  0.8
65.6  0.8
66.4  0.8
67.4  0.8
68.2  0.8
69.0  0.8
69.8  0.8
70.8  0.8
71.6  0.8
72.4  0.8
73.2  0.8
74.0  0.8
75.0  0.8
75.8  0.8
76.8  0.8
77.8  0.8
78.4  0.8
79.4  0.8
80.2  0.8
67.5  0.8
68.1  0.8
69.0  0.8
69.6  0.8
70.3  0.8
71.0  0.8
71.8  0.8
72.5  0.8
73.3  0.8
74.0  0.8
74.6  0.8
75.3  0.8
76.1  0.8
76.8  0.8
77.5  0.8
78.3  0.8
79.0  0.8
79.6  0.8
80.3  0.8
81.0  0.8
70.0  0.8
70.5  0.8
71.4  0.8
72.0  0.8
72.5  0.8
73.2  0.8
73.8  0.8
74.4  0.8
75.0  0.8
75.7  0.8
76.2  0.8
76.8  0.8
77.4  0.8
78.0  0.8
78.7  0.8
79.2  0.8
80.0  0.8
80.5  0.8
81.1  0.8
71.5  0.8
72.1  0.8
72.6  0.8
73.1  0.8
73.7  0.8
74.1  0.8
74.7  0.8
75.2  0.8
75.8  0.8
76.3  0.8
76.8  0.8
77.3  0.8
77.8  0.8
78.5  0.8
79.0  0.8
79.5  0.8
80.1  0.8
80.6  0.8
81.1  0.8
81.7  0.8
73.1  0.8
73.5  0.8
74.0  0.8
74.5  0.8
75.0  0.8
75.5  0.8
75.8  0.8
76.4  0.8
76.8  0.8
77.3  0.8
77.7  0.8
78.2  0.8
78.7  0.8
79.2  0.8
79.6  0.8
80.2  0.8
80.6  0.8
81.2  0.8
81.6  0.8
73.9  0.8
74.4  0.8
74.8  0.8
75.2  0.8
75.6  0.8
76.0  0.8
76.5  0.8
76.9  0.8
77.3  0.8
77.7  0.8
78.2  0.8
78.6  0.8
79.0  0.8
79.4  0.8
79.8  0.8
80.3  0.8
80.7  0.8
81.1  0.8
81.5  0.8
82.0  0.8
74.9  0.8
75.3  0.8
75.7  0.8
76.0  0.8
76.5  0.8
76.8  0.8
77.2  0.8
77.6  0.8
78.0  0.8
78.3  0.8
78.8  0.8
79.2  0.8
79.5  0.8
80.0  0.8
80.3  0.8
80.7  0.8
81.1  0.8
81.5  0.8
81.9  0.8
75.4  0.8
75.7  0.8
76.1  0.8
76.5  0.8
76.8  0.8
77.1  0.8
77.5  0.8
78.0  0.8
78.3  0.8
78.6  0.8
79.0  0.8
79.3  0.8
79.7  0.8
80.0  0.8
80.4  0.8
80.7  0.8
81.0  0.8
81.4  0.8
81.8  0.8
82.2  0.8
76.2  0.8
76.5  0.8
76.8  0.8
77.2  0.8
77.5  0.8
77.8  0.8
78.1  0.8
78.4  0.8
78.7  0.8
79.0  0.8
79.4  0.8
79.7  0.8
80.1  0.8
80.4  0.8
80.7  0.8
81.1  0.8
81.4  0.8
81.7  0.8
82.1  0.8
76.6  0.8
76.8  0.8
77.2  0.8
77.5  0.8
77.7  0.8
78.0  0.8
78.4  0.8
78.7  0.8
79.0  0.8
79.3  0.8
79.6  0.8
79.9  0.8
80.2  0.8
80.5  0.8
80.8  0.8
81.1  0.8
81.4  0.8
81.7  0.8
82.0  0.8
82.4  0.8
77.1  0.8
77.4  0.8
77.7  0.8
78.0  0.8
78.2  0.8
78.6  0.8
78.8  0.8
79.2  0.8
79.4  0.8
79.7  0.8
80.0  0.8
80.4  0.8
80.6  0.8
80.9  0.8
81.2  0.8
81.4  0.8
81.7  0.8
82.0  0.8
82.2  0.8
77.4  0.8
77.6  0.8
77.9  0.8
78.2  0.8
78.5  0.8
78.8  0.8
79.0  0.8
79.3  0.8
79.6  0.8
79.8  0.8
80.1  0.8
80.3  0.8
80.6  0.8
80.8  0.8
81.1  0.8
81.4  0.8
81.6  0.8
81.9  0.8
82.1  0.8
82.5  0.8
77.8  0.8
78.1  0.8
78.3  0.8
78.6  0.8
78.8  0.8
79.1  0.8
79.4  0.8
79.6  0.8
79.8  0.8
80.1  0.8
80.4  0.8
80.7  0.8
80.9  0.8
81.1  0.8
81.4  0.8
81.7  0.8
81.9  0.8
82.2  0.8
82.4  0.8
78.1  0.8
78.3  0.8
78.5  0.8
78.8  0.8
79.0  0.8
79.2  0.8
79.5  0.8
79.7  0.8
80.0  0.8
80.2  0.8
80.5  0.8
80.7  0.8
81.0  0.8
81.2  0.8
81.4  0.8
81.7  0.8
81.9  0.8
82.1  0.8
82.3  0.8
78.3  0.8
78.5  0.8
78.7  0.8
78.9  0.8
79.2  0.8
79.4  0.8
79.6  0.8
79.8  0.8
80.0  0.8
80.2  0.8
80.5  0.8
80.7  0.8
80.9  0.8
81.2  0.8
81.4  0.8
81.6  0.8
81.8  0.8
82.1  0.8
82.3  0.8
82.5  0.8
78.6  0.8
78.8  0.8
79.1  0.8
79.2  0.8
79.5  0.8
79.7  0.8
79.9  0.8
80.1  0.8
80.3  0.8
80.5  0.8
80.7  0.8
81.0  0.8
81.2  0.8
81.4  0.8
81.6  0.8
81.9  0.8
82.1  0.8
82.3  0.8
82.5  0.8
78.7  0.8
78.9  0.8
79.1  0.8
79.3  0.8
79.5  0.8
79.7  0.8
80.0  0.8
80.1  0.8
80.3  0.8
80.6  0.8
80.8  0.8
81.0  0.8
81.2  0.8
81.4  0.8
81.6  0.8
81.8  0.8
82.0  0.8
82.2  0.8
82.4  0.8
82.6  0.8
79.0  0.8
79.2  0.8
79.4  0.8
79.6  0.8
79.8  0.8
80.0  0.8
80.2  0.8
80.4  0.8
80.6  0.8
80.8  0.8
81.0  0.8
81.1  0.8
81.4  0.8
81.5  0.8
81.8  0.8
82.0  0.8
82.1  0.8
82.3  0.8
82.5  0.8
79.1  0.8
79.3  0.8
79.5  0.8
79.7  0.8
79.9  0.8
80.0  0.8
80.3  0.8
80.4  0.8
80.6  0.8
80.8  0.8
81.0  0.8
81.2  0.8
81.3  0.8
81.6  0.8
81.7  0.8
81.9  0.8
82.1  0.8
82.3  0.8
82.5  0.8
79.2  0.8
79.4  0.8
79.5  0.8
79.7  0.8
79.9  0.8
80.1  0.8
80.3  0.8
80.5  0.8
80.7  0.8
80.8  0.8
81.0  0.8
81.2  0.8
81.3  0.8
81.5  0.8
81.7  0.8
81.9  0.8
82.1  0.8
82.2  0.8
82.4  0.8
82.6  0.8
79.4  0.8
79.6  0.8
79.8  0.8
80.0  0.8
80.1  0.8
80.4  0.8
80.5  0.8
80.7  0.8
80.8  0.8
81.0  0.8
81.2  0.8
81.3  0.8
81.5  0.8
81.7  0.8
81.9  0.8
82.0  0.8
82.2  0.8
82.4  0.8
82.6  0.8
79.5  0.8
79.7  0.8
79.8  0.8
80.0  0.8
80.2  0.8
80.3  0.8
80.5  0.8
80.7  0.8
80.9  0.8
81.0  0.8
81.2  0.8
81.4  0.8
81.5  0.8
81.6  0.8
81.8  0.8
82.0  0.8
82.1  0.8
82.3  0.8
82.5  0.8
82.7  0.8
79.8  0.8
79.9  0.8
80.1  0.8
80.2  0.8
80.4  0.8
80.5  0.8
80.7  0.8
80.8  0.8
81.0  0.8
81.2  0.8
81.4  0.8
81.5  0.8
81.7  0.8
81.8  0.8
82.0  0.8
82.1  0.8
82.3  0.8
82.4  0.8
82.6  0.8
79.8  0.8
80.0  0.8
80.1  0.8
80.3  0.8
80.4  0.8
80.6  0.8
80.7  0.8
80.9  0.8
81.1  0.8
81.2  0.8
81.3  0.8
81.5  0.8
81.7  0.8
81.8  0.8
82.0  0.8
82.1  0.8
82.3  0.8
82.4  0.8
82.6  0.8
82.7  0.8
80.0  0.8
80.2  0.8
80.3  0.8
80.4  0.8
80.6  0.8
80.7  0.8
80.9  0.8
81.1  0.8
81.2  0.8
81.3  0.8
81.5  0.8
81.6  0.8
81.8  0.8
82.0  0.8
82.1  0.8
82.3  0.8
82.4  0.8
82.5  0.8
82.7  0.8
80.1  0.8
80.2  0.8
80.4  0.8
80.5  0.8
80.7  0.8
80.8  0.8
80.9  0.8
81.1  0.8
81.2  0.8
81.4  0.8
81.5  0.8
81.7  0.8
81.8  0.8
81.9  0.8
82.1  0.8
82.2  0.8
82.4  0.8
82.5  0.8
82.7  0.8
80.1  0.8
80.2  0.8
80.4  0.8
80.6  0.8
80.7  0.8
80.8  0.8
81.0  0.8
81.1  0.8
81.2  0.8
81.3  0.8
81.5  0.8
81.6  0.8
81.8  0.8
81.9  0.8
82.0  0.8
82.2  0.8
82.3  0.8
82.5  0.8
82.6  0.8
82.8  0.8
80.3  0.8
80.4  0.8
80.5  0.8
80.7  0.8
80.8  0.8
81.0  0.8
81.1  0.8
81.2  0.8
81.4  0.8
81.5  0.8
81.6  0.8
81.8  0.8
81.9  0.8
82.0  0.8
82.2  0.8
82.3  0.8
82.5  0.8
82.6  0.8
82.7  0.8
80.3  0.8
80.5  0.8
80.6  0.8
80.7  0.8
80.9  0.8
81.0  0.8
81.1  0.8
81.2  0.8
81.3  0.8
81.5  0.8
81.6  0.8
81.8  0.8
81.9  0.8
82.0  0.8
82.1  0.8
82.3  0.8
82.4  0.8
82.6  0.8
82.7  0.8
82.8  0.8
80.5  0.8
80.6  0.8
80.7  0.8
80.9  0.8
81.0  0.8
81.1  0.8
81.2  0.8
81.4  0.8
81.5  0.8
81.6  0.8
81.7  0.8
81.9  0.8
82.0  0.8
82.1  0.8
82.2  0.8
82.4  0.8
82.5  0.8
82.6  0.8
82.8  0.8
80.6  0.8
80.7  0.8
80.8  0.8
80.9  0.8
81.0  0.8
81.2  0.8
81.3  0.8
81.4  0.8
81.5  0.8
81.6  0.8
81.8  0.8
81.9  0.8
82.0  0.8
82.1  0.8
82.2  0.8
82.4  0.8
82.5  0.8
82.6  0.8
82.8  0.8
80.6  0.8
80.7  0.8
80.8  0.8
