18.0  0.7
10.0  0.7
11.0  0.7
12.0  0.7
13.5  0.7
14.5  0.7
15.5  0.7
17.0  0.7
17.5  0.7
18.5  0.7
20.0  0.7
21.0  0.7
22.0  0.7
23.5  0.7
24.5  0.7
25.5  0.7
27.0  0.7
27.5  0.7
28.0  0.7
29.5  0.7
20.6  0.7
21.0  0.7
21.6  0.7
22.6  0.7
23.3  0.7
23.6  0.7
24.6  0.7
25.6  0.7
26.0  0.7
26.6  0.7
27.3  0.7
28.3  0.7
29.0  0.7
29.6  0.7
30.3  0.7
31.0  0.7
31.3  0.7
32.3  0.7
33.0  0.7
33.6  0.7
25.5  0.7
26.2  0.7
26.7  0.7
27.2  0.7
27.7  0.7
28.5  0.7
28.7  0.7
29.2  0.7
29.7  0.7
30.5  0.7
31.0  0.7
31.5  0.7
32.0  0.7
32.7  0.7
33.0  0.7
33.5  0.7
34.2  0.7
34.7  0.7
35.2  0.7
28.6  0.7
29.0  0.7
29.4  0.7
29.8  0.7
30.0  0.7
30.6  0.7
31.0  0.7
31.4  0.7
31.8  0.7
32.2  0.7
32.6  0.7
33.0  0.7
33.4  0.7
33.8  0.7
34.4  0.7
34.8  0.7
35.2  0.7
35.6  0.7
36.0  0.7
36.4  0.7
30.6  0.7
31.0  0.7
31.3  0.7
31.6  0.7
32.0  0.7
32.3  0.7
32.6  0.7
33.0  0.7
33.3  0.7
33.6  0.7
34.0  0.7
34.5  0.7
34.6  0.7
35.0  0.7
35.5  0.7
35.8  0.7
36.0  0.7
36.5  0.7
36.8  0.7
37.3  0.7
32.1  0.7
32.5  0.7
32.8  0.7
33.0  0.7
33.2  0.7
33.7  0.7
34.0  0.7
34.2  0.7
34.5  0.7
35.0  0.7
35.2  0.7
35.4  0.7
35.7  0.7
36.1  0.7
36.4  0.7
36.5  0.7
37.0  0.7
37.2  0.7
37.5  0.7
33.1  0.7
33.3  0.7
33.6  0.7
33.8  0.7
34.1  0.7
34.3  0.7
34.6  0.7
35.0  0.7
35.2  0.7
35.5  0.7
35.7  0.7
36.0  0.7
36.2  0.7
36.5  0.7
36.7  0.7
36.8  0.7
37.2  0.7
37.5  0.7
37.7  0.7
38.0  0.7
34.0  0.7
34.2  0.7
34.4  0.7
34.6  0.7
34.8  0.7
35.1  0.7
35.3  0.7
35.5  0.7
35.8  0.7
36.0  0.7
36.2  0.7
36.5  0.7
36.7  0.7
37.0  0.7
37.2  0.7
37.5  0.7
37.7  0.7
37.8  0.7
38.1  0.7
38.4  0.7
34.7  0.7
35.0  0.7
35.2  0.7
35.4  0.7
35.6  0.7
35.7  0.7
36.0  0.7
36.2  0.7
36.4  0.7
36.6  0.7
36.9  0.7
37.1  0.7
37.2  0.7
37.4  0.7
37.7  0.7
37.9  0.7
38.0  0.7
38.2  0.7
38.5  0.7
38.8  0.7
35.3  0.7
35.6  0.7
35.8  0.7
36.0  0.7
36.0  0.7
36.3  0.7
36.5  0.7
36.7  0.7
36.9  0.7
37.0  0.7
37.2  0.7
37.4  0.7
37.6  0.7
37.9  0.7
38.0  0.7
38.1  0.7
38.3  0.7
38.6  0.7
38.7  0.7
35.6  0.7
35.9  0.7
36.0  0.7
36.2  0.7
36.4  0.7
36.6  0.7
36.7  0.7
36.9  0.7
37.0  0.7
37.3  0.7
37.4  0.7
37.5  0.7
37.7  0.7
38.0  0.7
38.0  0.7
38.2  0.7
38.5  0.7
38.6  0.7
38.8  0.7
38.9  0.7
36.1  0.7
36.3  0.7
36.3  0.7
36.5  0.7
36.7  0.7
36.9  0.7
37.0  0.7
37.3  0.7
37.4  0.7
37.6  0.7
37.6  0.7
37.9  0.7
38.0  0.7
38.1  0.7
38.3  0.7
38.5  0.7
38.6  0.7
38.8  0.7
39.0  0.7
39.2  0.7
36.5  0.7
36.6  0.7
36.8  0.7
37.0  0.7
37.1  0.7
37.2  0.7
37.4  0.7
37.5  0.7
37.7  0.7
37.8  0.7
38.0  0.7
38.1  0.7
38.2  0.7
38.4  0.7
38.6  0.7
38.7  0.7
38.8  0.7
39.0  0.7
39.2  0.7
39.2  0.7
36.8  0.7
37.0  0.7
37.1  0.7
37.2  0.7
37.4  0.7
37.6  0.7
37.6  0.7
37.8  0.7
37.9  0.7
38.1  0.7
38.2  0.7
38.3  0.7
38.5  0.7
38.6  0.7
38.8  0.7
38.8  0.7
39.0  0.7
39.2  0.7
39.3  0.7
37.0  0.7
37.1  0.7
37.2  0.7
37.3  0.7
37.5  0.7
37.6  0.7
37.7  0.7
37.8  0.7
38.0  0.7
38.1  0.7
38.2  0.7
38.3  0.7
38.5  0.7
38.6  0.7
38.7  0.7
38.9  0.7
39.0  0.7
39.1  0.7
39.3  0.7
39.5  0.7
37.2  0.7
37.3  0.7
37.4  0.7
37.6  0.7
37.7  0.7
37.8  0.7
38.0  0.7
38.1  0.7
38.2  0.7
38.3  0.7
38.4  0.7
38.5  0.7
38.7  0.7
38.8  0.7
39.0  0.7
39.0  0.7
39.1  0.7
39.2  0.7
39.4  0.7
39.5  0.7
37.4  0.7
37.6  0.7
37.7  0.7
37.8  0.7
37.8  0.7
38.1  0.7
38.1  0.7
38.2  0.7
38.3  0.7
38.5  0.7
38.6  0.7
38.7  0.7
38.8  0.7
39.0  0.7
39.1  0.7
39.2  0.7
39.3  0.7
39.5  0.7
39.6  0.7
37.5  0.7
37.7  0.7
37.8  0.7
37.9  0.7
38.0  0.7
38.1  0.7
38.2  0.7
38.3  0.7
38.4  0.7
38.5  0.7
38.6  0.7
38.7  0.7
38.8  0.7
39.0  0.7
39.1  0.7
39.2  0.7
39.3  0.7
39.4  0.7
39.5  0.7
39.6  0.7
37.8  0.7
37.9  0.7
37.9  0.7
38.1  0.7
38.2  0.7
38.3  0.7
38.4  0.7
38.5  0.7
38.6  0.7
38.7  0.7
38.8  0.7
39.0  0.7
39.1  0.7
39.1  0.7
39.2  0.7
39.4  0.7
39.4  0.7
39.5  0.7
39.7  0.7
39.8  0.7
37.9  0.7
38.0  0.7
38.1  0.7
38.2  0.7
38.3  0.7
38.4  0.7
38.5  0.7
38.6  0.7
38.7  0.7
38.8  0.7
38.9  0.7
39.0  0.7
39.1  0.7
39.2  0.7
39.3  0.7
39.4  0.7
39.5  0.7
39.6  0.7
39.7  0.7
38.0  0.7
38.0  0.7
38.2  0.7
38.3  0.7
38.4  0.7
38.5  0.7
38.6  0.7
38.6  0.7
38.7  0.7
38.9  0.7
39.0  0.7
39.0  0.7
39.1  0.7
39.2  0.7
39.3  0.7
39.4  0.7
39.5  0.7
39.6  0.7
39.7  0.7
39.8  0.7
38.1  0.7
38.3  0.7
38.3  0.7
38.4  0.7
38.5  0.7
38.6  0.7
38.6  0.7
38.7  0.7
38.9  0.7
39.0  0.7
39.0  0.7
39.1  0.7
39.3  0.7
39.3  0.7
39.4  0.7
39.5  0.7
39.6  0.7
39.6  0.7
39.7  0.7
39.9  0.7
38.3  0.7
38.4  0.7
38.5  0.7
38.5  0.7
38.6  0.7
38.7  0.7
38.8  0.7
38.9  0.7
39.0  0.7
39.0  0.7
39.1  0.7
39.2  0.7
39.3  0.7
39.4  0.7
39.5  0.7
39.5  0.7
39.6  0.7
39.7  0.7
39.8  0.7
39.9  0.7
38.4  0.7
38.5  0.7
38.6  0.7
38.6  0.7
38.7  0.7
38.8  0.7
38.9  0.7
39.0  0.7
39.1  0.7
39.2  0.7
39.2  0.7
39.3  0.7
39.4  0.7
39.5  0.7
39.6  0.7
39.6  0.7
39.7  0.7
39.8  0.7
39.9  0.7
38.4  0.7
38.5  0.7
38.6  0.7
38.6  0.7
38.7  0.7
38.8  0.7
38.9  0.7
39.0  0.7
39.1  0.7
39.1  0.7
39.2  0.7
39.3  0.7
39.4  0.7
39.5  0.7
39.5  0.7
39.6  0.7
39.7  0.7
39.8  0.7
39.8  0.7
40.0  0.7
38.5  0.7
38.6  0.7
38.7  0.7
38.8  0.7
38.8  0.7
38.9  0.7
39.0  0.7
39.1  0.7
39.1  0.7
39.2  0.7
39.3  0.7
39.4  0.7
39.5  0.7
39.5  0.7
39.6  0.7
39.7  0.7
39.8  0.7
39.8  0.7
39.9  0.7
40.0  0.7
38.6  0.7
38.7  0.7
38.8  0.7
38.8  0.7
38.9  0.7
39.0  0.7
39.1  0.7
39.2  0.7
39.2  0.7
39.3  0.7
39.4  0.7
39.5  0.7
39.6  0.7
39.6  0.7
39.7  0.7
39.8  0.7
39.8  0.7
39.9  0.7
40.0  0.7
38.7  0.7
38.8  0.7
38.8  0.7
38.9  0.7
39.0  0.7
39.1  0.7
39.1  0.7
39.2  0.7
39.3  0.7
39.3  0.7
39.4  0.7
39.5  0.7
39.5  0.7
39.6  0.7
39.7  0.7
39.7  0.7
39.8  0.7
39.9  0.7
40.0  0.7
40.0  0.7
38.8  0.7
38.8  0.7
38.9  0.7
39.0  0.7
39.1  0.7
39.1  0.7
39.2  0.7
39.3  0.7
39.3  0.7
39.4  0.7
39.4  0.7
39.5  0.7
39.6  0.7
39.7  0.7
39.8  0.7
39.8  0.7
39.9  0.7
40.0  0.7
40.0  0.7
40.1  0.7
38.8  0.7
38.9  0.7
39.0  0.7
39.0  0.7
39.1  0.7
39.2  0.7
39.3  0.7
39.3  0.7
39.4  0.7
39.5  0.7
39.5  0.7
39.6  0.7
39.7  0.7
39.8  0.7
39.8  0.7
39.9  0.7
40.0  0.7
40.0  0.7
40.1  0.7
38.9  0.7
39.0  0.7
39.0  0.7
39.1  0.7
39.1  0.7
39.2  0.7
39.3  0.7
39.3  0.7
39.4  0.7
39.5  0.7
39.5  0.7
39.6  0.7
39.7  0.7
39.7  0.7
39.8  0.7
39.9  0.7
40.0  0.7
40.0  0.7
40.0  0.7
40.1  0.7
39.0  0.7
39.0  0.7
39.1  0.7
39.2  0.7
39.2  0.7
39.3  0.7
39.3  0.7
39.4  0.7
39.5  0.7
39.5  0.7
39.6  0.7
39.6  0.7
39.7  0.7
39.8  0.7
39.9  0.7
39.9  0.7
40.0  0.7
40.0  0.7
40.1  0.7
40.1  0.7
39.0  0.7
39.1  0.7
39.2  0.7
39.2  0.7
39.3  0.7
39.3  0.7
39.4  0.7
39.5  0.7
39.5  0.7
39.6  0.7
39.6  0.7
39.7  0.7
39.8  0.7
39.8  0.7
39.9  0.7
40.0  0.7
40.0  0.7
40.1  0.7
40.1  0.7
39.1  0.7
39.1  0.7
39.2  0.7
39.2  0.7
39.3  0.7
39.4  0.7
39.4  0.7
39.4  0.7
39.5  0.7
39.6  0.7
39.6  0.7
39.7  0.7
39.8  0.7
39.8  0.7
39.8  0.7
40.0  0.7
40.0  0.7
40.0  0.7
40.1  0.7
40.2  0.7
39.1  0.7
39.2  0.7
39.3  0.7
39.3  0.7
39.3  0.7
39.4  0.7
39.5  0.7
39.5  0.7
39.6  0.7
39.6  0.7
39.7  0.7
39.8  0.7
39.8  0.7
39.9  0.7
39.9  0.7
40.0  0.7
40.0  0.7
40.1  0.7
40.2  0.7
39.1  0.7
39.2  0.7
39.2  0.7
39.3  0.7
39.3  0.7
39.4  0.7
39.5  0.7
39.5  0.7
39.6  0.7
39.7  0.7
39.7  0.7
39.7  0.7
39.8  0.7
39.9  0.7
39.9  0.7
40.0  0.7
40.1  0.7
40.1  0.7
40.1  0.7
40.2  0.7
39.2  0.7
39.3  0.7
39.3  0.7
39.4  0.7
39.4  0.7
39.5  0.7
39.5  0.7
39.6  0.7
39.6  0.7
39.7  0.7
39.7  0.7
39.8  0.7
39.8  0.7
39.9  0.7
40.0  0.7
40.0  0.7
40.1  0.7
40.1  0.7
40.2  0.7
40.2  0.7
39.3  0.7
39.3  0.7
39.4  0.7
39.4  0.7
39.5  0.7
39.5  0.7
39.6  0.7
39.6  0.7
39.7  0.7
39.7  0.7
39.8  0.7
39.8  0.7
39.9  0.7
40.0  0.7
40.0  0.7
40.1  0.7
40.1  0.7
40.2  0.7
40.2  0.7
39.3  0.7
39.3  0.7
39.4  0.7
39.4  0.7
39.5  0.7
39.6  0.7
39.6  0.7
39.6  0.7
39.7  0.7
39.7  0.7
39.8  0.7
39.9  0.7
39.9  0.7
39.9  0.7
40.0  0.7
40.1  0.7
40.1  0.7
40.1  0.7
40.2  0.7
40.3  0.7
39.3  0.7
39.4  0.7
39.4  0.7
39.5  0.7
39.5  0.7
39.6  0.7
39.7  0.7
39.7  0.7
39.7  0.7
39.8  0.7
39.9  0.7
39.9  0.7
40.0  0.7
40.0  0.7
40.0  0.7
40.1  0.7
40.1  0.7
40.2  0.7
40.2  0.7
39.3  0.7
39.4  0.7
39.5  0.7
39.5  0.7
39.5  0.7
39.6  0.7
39.6  0.7
39.7  0.7
39.8  0.7
39.8  0.7
39.8  0.7
39.9  0.7
40.0  0.7
40.0  0.7
40.0  0.7
40.1  0.7
40.1  0.7
40.2  0.7
40.2  0.7
40.3  0.7
39.4  0.7
39.4  0.7
39.5  0.7
39.5  0.7
39.6  0.7
39.6  0.7
39.7  0.7
39.7  0.7
39.8  0.7
39.8  0.7
39.9  0.7
39.9  0.7
40.0  0.7
40.0  0.7
40.1  0.7
40.1  0.7
