38.0  0.9
44.0  0.9
49.0  0.9
55.0  0.9
60.0  0.9
65.0  0.9
70.0  0.9
75.0  0.9
82.0  0.9
87.0  0.9
46.5  0.9
49.0  0.9
51.5  0.9
54.0  0.9
57.0  0.9
59.5  0.9
62.5  0.9
65.0  0.9
67.5  0.9
70.0  0.9
72.5  0.9
75.0  0.9
77.5  0.9
80.0  0.9
82.5  0.9
85.0  0.9
88.0  0.9
90.0  0.9
92.5  0.9
63.3  0.9
65.3  0.9
67.0  0.9
69.0  0.9
70.3  0.9
72.0  0.9
73.6  0.9
75.6  0.9
77.0  0.9
79.0  0.9
80.6  0.9
82.0  0.9
83.6  0.9
85.3  0.9
87.3  0.9
88.6  0.9
90.6  0.9
92.0  0.9
94.0  0.9
71.7  0.9
73.0  0.9
74.0  0.9
75.5  0.9
76.5  0.9
77.7  0.9
79.0  0.9
80.2  0.9
81.5  0.9
82.7  0.9
84.2  0.9
85.5  0.9
86.7  0.9
88.0  0.9
89.2  0.9
90.5  0.9
91.7  0.9
93.2  0.9
94.5  0.9
95.7  0.9
77.4  0.9
78.6  0.9
79.6  0.9
80.6  0.9
81.6  0.9
82.6  0.9
83.6  0.9
84.6  0.9
85.6  0.9
86.6  0.9
87.6  0.9
88.6  0.9
89.4  0.9
90.6  0.9
91.6  0.9
92.6  0.9
93.4  0.9
94.4  0.9
95.2  0.9
80.1  0.9
81.0  0.9
81.6  0.9
82.6  0.9
83.5  0.9
84.3  0.9
85.1  0.9
86.0  0.9
87.0  0.9
87.8  0.9
88.6  0.9
89.5  0.9
90.3  0.9
91.3  0.9
92.1  0.9
93.0  0.9
93.6  0.9
94.6  0.9
95.3  0.9
96.3  0.9
83.2  0.9
84.0  0.9
84.7  0.9
85.4  0.9
86.1  0.9
86.8  0.9
87.5  0.9
88.2  0.9
89.0  0.9
89.7  0.9
90.5  0.9
91.2  0.9
92.0  0.9
92.7  0.9
93.4  0.9
94.1  0.9
95.0  0.9
95.5  0.9
96.4  0.9
85.0  0.9
85.7  0.9
86.2  0.9
87.0  0.9
87.6  0.9
88.2  0.9
88.8  0.9
89.5  0.9
90.1  0.9
90.7  0.9
91.3  0.9
92.0  0.9
92.6  0.9
93.3  0.9
93.8  0.9
94.6  0.9
95.2  0.9
95.8  0.9
96.5  0.9
97.1  0.9
87.0  0.9
87.4  0.9
88.1  0.9
88.6  0.9
89.2  0.9
89.7  0.9
90.3  0.9
90.8  0.9
91.4  0.9
92.1  0.9
92.6  0.9
93.2  0.9
93.6  0.9
94.3  0.9
94.8  0.9
95.5  0.9
96.0  0.9
96.6  0.9
97.1  0.9
88.0  0.9
88.5  0.9
89.0  0.9
89.4  0.9
90.0  0.9
90.5  0.9
91.0  0.9
91.5  0.9
92.1  0.9
92.5  0.9
93.1  0.9
93.6  0.9
94.1  0.9
94.6  0.9
95.1  0.9
95.6  0.9
96.1  0.9
96.7  0.9
97.2  0.9
88.8  0.9
89.2  0.9
89.7  0.9
90.1  0.9
90.6  0.9
91.0  0.9
91.5  0.9
92.0  0.9
92.4  0.9
92.9  0.9
93.4  0.9
93.9  0.9
94.4  0.9
94.9  0.9
95.3  0.9
95.8  0.9
96.2  0.9
96.7  0.9
97.2  0.9
97.7  0.9
89.9  0.9
90.3  0.9
90.7  0.9
91.1  0.9
91.5  0.9
92.0  0.9
92.5  0.9
92.9  0.9
93.3  0.9
93.8  0.9
94.2  0.9
94.6  0.9
95.0  0.9
95.5  0.9
95.9  0.9
96.4  0.9
96.7  0.9
97.1  0.9
97.5  0.9
90.4  0.9
90.8  0.9
91.3  0.9
91.6  0.9
92.0  0.9
92.4  0.9
92.8  0.9
93.2  0.9
93.6  0.9
94.0  0.9
94.4  0.9
94.8  0.9
95.2  0.9
95.6  0.9
96.0  0.9
96.3  0.9
96.8  0.9
97.2  0.9
97.6  0.9
97.9  0.9
91.3  0.9
91.7  0.9
92.1  0.9
92.4  0.9
92.7  0.9
93.1  0.9
93.5  0.9
93.8  0.9
94.2  0.9
94.5  0.9
94.9  0.9
95.2  0.9
95.7  0.9
96.0  0.9
96.4  0.9
96.8  0.9
97.2  0.9
97.5  0.9
97.9  0.9
91.8  0.9
92.0  0.9
92.4  0.9
92.7  0.9
93.1  0.9
93.4  0.9
93.8  0.9
94.1  0.9
94.4  0.9
94.8  0.9
95.1  0.9
95.4  0.9
95.8  0.9
96.2  0.9
96.5  0.9
96.8  0.9
97.2  0.9
97.5  0.9
97.9  0.9
92.0  0.9
92.5  0.9
92.7  0.9
93.1  0.9
93.4  0.9
93.7  0.9
94.0  0.9
94.3  0.9
94.6  0.9
95.0  0.9
95.2  0.9
95.6  0.9
95.9  0.9
96.2  0.9
96.5  0.9
96.8  0.9
97.1  0.9
97.5  0.9
97.8  0.9
98.1  0.9
92.7  0.9
93.0  0.9
93.2  0.9
93.5  0.9
93.9  0.9
94.2  0.9
94.5  0.9
94.8  0.9
95.1  0.9
95.4  0.9
95.7  0.9
96.0  0.9
96.3  0.9
96.6  0.9
96.9  0.9
97.2  0.9
97.5  0.9
97.8  0.9
98.1  0.9
93.0  0.9
93.2  0.9
93.5  0.9
93.8  0.9
94.1  0.9
94.4  0.9
94.7  0.9
95.0  0.9
95.2  0.9
95.5  0.9
95.7  0.9
96.1  0.9
96.3  0.9
96.7  0.9
97.0  0.9
97.2  0.9
97.5  0.9
97.8  0.9
98.1  0.9
98.3  0.9
93.4  0.9
93.7  0.9
94.0  0.9
94.2  0.9
94.5  0.9
94.8  0.9
95.1  0.9
95.3  0.9
95.6  0.9
95.8  0.9
96.1  0.9
96.4  0.9
96.7  0.9
97.0  0.9
97.2  0.9
97.5  0.9
97.8  0.9
98.1  0.9
98.3  0.9
93.7  0.9
93.9  0.9
94.2  0.9
94.5  0.9
94.7  0.9
95.0  0.9
95.2  0.9
95.5  0.9
95.7  0.9
96.0  0.9
96.3  0.9
96.5  0.9
96.8  0.9
97.0  0.9
97.3  0.9
97.5  0.9
97.8  0.9
98.1  0.9
98.3  0.9
93.9  0.9
94.1  0.9
94.3  0.9
94.6  0.9
94.9  0.9
95.1  0.9
95.3  0.9
95.6  0.9
95.8  0.9
96.0  0.9
96.3  0.9
96.5  0.9
96.8  0.9
97.0  0.9
97.3  0.9
97.5  0.9
97.8  0.9
98.0  0.9
98.2  0.9
98.5  0.9
94.2  0.9
94.5  0.9
94.7  0.9
95.0  0.9
95.2  0.9
95.4  0.9
95.6  0.9
95.9  0.9
96.1  0.9
96.4  0.9
96.6  0.9
96.9  0.9
97.0  0.9
97.3  0.9
97.5  0.9
97.8  0.9
98.0  0.9
98.2  0.9
98.5  0.9
94.4  0.9
94.6  0.9
94.8  0.9
95.0  0.9
95.3  0.9
95.5  0.9
95.7  0.9
96.0  0.9
96.2  0.9
96.4  0.9
96.6  0.9
96.9  0.9
97.1  0.9
97.3  0.9
97.5  0.9
97.7  0.9
98.0  0.9
98.2  0.9
98.4  0.9
94.5  0.9
94.7  0.9
94.9  0.9
95.2  0.9
95.3  0.9
95.6  0.9
95.8  0.9
96.0  0.9
96.2  0.9
96.4  0.9
96.7  0.9
96.9  0.9
97.1  0.9
97.3  0.9
97.5  0.9
97.7  0.9
98.0  0.9
98.2  0.9
98.4  0.9
98.5  0.9
94.8  0.9
95.0  0.9
95.2  0.9
95.4  0.9
95.6  0.9
95.8  0.9
96.1  0.9
96.3  0.9
96.5  0.9
96.7  0.9
96.9  0.9
97.1  0.9
97.3  0.9
97.5  0.9
97.7  0.9
97.9  0.9
98.1  0.9
98.3  0.9
98.5  0.9
95.0  0.9
95.1  0.9
95.3  0.9
95.5  0.9
95.7  0.9
95.9  0.9
96.1  0.9
96.3  0.9
96.5  0.9
96.7  0.9
96.9  0.9
97.1  0.9
97.3  0.9
97.5  0.9
97.7  0.9
97.9  0.9
98.1  0.9
98.3  0.9
98.5  0.9
95.1  0.9
95.2  0.9
95.4  0.9
95.6  0.9
95.8  0.9
96.0  0.9
96.2  0.9
96.4  0.9
96.5  0.9
96.7  0.9
96.9  0.9
97.1  0.9
97.3  0.9
97.5  0.9
97.7  0.9
97.9  0.9
98.1  0.9
98.2  0.9
98.5  0.9
98.7  0.9
95.3  0.9
95.5  0.9
95.7  0.9
95.9  0.9
96.1  0.9
96.3  0.9
96.5  0.9
96.6  0.9
96.8  0.9
97.0  0.9
97.2  0.9
97.4  0.9
97.6  0.9
97.7  0.9
97.9  0.9
98.1  0.9
98.3  0.9
98.5  0.9
98.6  0.9
95.4  0.9
95.6  0.9
95.8  0.9
96.0  0.9
96.1  0.9
96.3  0.9
96.5  0.9
96.7  0.9
96.8  0.9
97.0  0.9
97.2  0.9
97.4  0.9
97.5  0.9
97.7  0.9
97.9  0.9
98.1  0.9
98.2  0.9
98.4  0.9
98.6  0.9
95.5  0.9
95.6  0.9
95.8  0.9
96.0  0.9
96.2  0.9
96.4  0.9
96.5  0.9
96.7  0.9
96.9  0.9
97.0  0.9
97.2  0.9
97.4  0.9
97.5  0.9
97.7  0.9
97.9  0.9
98.1  0.9
98.2  0.9
98.4  0.9
98.6  0.9
98.7  0.9
95.7  0.9
95.9  0.9
96.0  0.9
96.2  0.9
96.4  0.9
96.6  0.9
96.7  0.9
96.9  0.9
97.0  0.9
97.2  0.9
97.4  0.9
97.6  0.9
97.7  0.9
97.9  0.9
98.0  0.9
98.2  0.9
98.4  0.9
98.5  0.9
98.7  0.9
95.8  0.9
96.0  0.9
96.1  0.9
96.3  0.9
96.5  0.9
96.6  0.9
96.8  0.9
96.9  0.9
97.1  0.9
97.3  0.9
97.4  0.9
97.6  0.9
97.7  0.9
97.9  0.9
98.0  0.9
98.2  0.9
98.4  0.9
98.5  0.9
98.7  0.9
95.9  0.9
96.0  0.9
96.2  0.9
96.3  0.9
96.5  0.9
96.7  0.9
96.8  0.9
97.0  0.9
97.1  0.9
97.3  0.9
97.4  0.9
97.6  0.9
97.8  0.9
97.9  0.9
98.1  0.9
98.2  0.9
98.4  0.9
98.5  0.9
98.7  0.9
96.0  0.9
96.1  0.9
96.2  0.9
96.4  0.9
96.5  0.9
96.7  0.9
96.9  0.9
97.0  0.9
97.2  0.9
97.3  0.9
97.5  0.9
97.6  0.9
97.7  0.9
97.9  0.9
98.0  0.9
98.2  0.9
98.4  0.9
98.5  0.9
98.7  0.9
96.0  0.9
96.2  0.9
96.3  0.9
96.4  0.9
96.6  0.9
96.7  0.9
96.9  0.9
97.0  0.9
97.2  0.9
97.3  0.9
97.5  0.9
97.6  0.9
97.8  0.9
97.9  0.9
98.1  0.9
98.2  0.9
98.4  0.9
98.5  0.9
98.7  0.9
98.8  0.9
96.2  0.9
96.3  0.9
96.5  0.9
96.6  0.9
96.8  0.9
96.9  0.9
97.1  0.9
97.2  0.9
97.3  0.9
97.5  0.9
97.6  0.9
97.8  0.9
97.9  0.9
98.1  0.9
98.2  0.9
98.3  0.9
98.5  0.9
98.6  0.9
98.8  0.9
96.2  0.9
96.4  0.9
96.5  0.9
96.7  0.9
96.8  0.9
97.0  0.9
97.1  0.9
97.2  0.9
97.4  0.9
97.5  0.9
97.7  0.9
97.8  0.9
97.9  0.9
98.1  0.9
98.2  0.9
98.4  0.9
98.5  0.9
98.7  0.9
98.8  0.9
96.3  0.9
96.5  0.9
96.6  0.9
96.7  0.9
96.8  0.9
97.0  0.9
97.1  0.9
97.3  0.9
97.4  0.9
97.5  0.9
97.7  0.9
98.0  0.9
98.1  0.9
98.4  0.9
98.7  0.9
96.3  0.9
96.4  0.9
96.5  0.9
