16.0  0.5
18.0  0.5
20.0  0.5
22.0  0.5
23.0  0.5
25.0  0.5
27.0  0.5
29.0  0.5
30.0  0.5
16.0  0.5
17.0  0.5
18.0  0.5
18.5  0.5
19.5  0.5
21.0  0.5
22.0  0.5
22.5  0.5
24.0  0.5
25.0  0.5
25.5  0.5
26.5  0.5
27.5  0.5
28.0  0.5
29.0  0.5
30.5  0.5
30.5  0.5
32.0  0.5
33.0  0.5
33.5  0.5
23.0  0.5
23.6  0.5
24.3  0.5
24.6  0.5
25.3  0.5
26.0  0.5
26.6  0.5
27.3  0.5
28.0  0.5
28.3  0.5
29.0  0.5
29.6  0.5
30.0  0.5
30.6  0.5
31.3  0.5
32.0  0.5
32.6  0.5
33.3  0.5
33.6  0.5
25.7  0.5
26.2  0.5
26.7  0.5
27.0  0.5
27.7  0.5
28.0  0.5
28.5  0.5
29.0  0.5
29.5  0.5
29.7  0.5
30.2  0.5
30.7  0.5
31.2  0.5
31.7  0.5
32.0  0.5
32.5  0.5
33.0  0.5
33.5  0.5
33.7  0.5
34.5  0.5
28.0  0.5
28.2  0.5
28.4  0.5
28.8  0.5
29.2  0.5
29.6  0.5
30.0  0.5
30.2  0.5
30.6  0.5
31.0  0.5
31.2  0.5
31.8  0.5
32.2  0.5
32.6  0.5
32.8  0.5
33.2  0.5
33.6  0.5
33.8  0.5
34.2  0.5
34.6  0.5
29.1  0.5
29.5  0.5
30.0  0.5
30.1  0.5
30.5  0.5
30.8  0.5
31.0  0.5
31.3  0.5
31.6  0.5
31.8  0.5
32.1  0.5
32.6  0.5
32.8  0.5
33.1  0.5
33.5  0.5
33.8  0.5
34.0  0.5
34.3  0.5
34.6  0.5
35.0  0.5
30.2  0.5
30.5  0.5
30.7  0.5
31.0  0.5
31.2  0.5
31.4  0.5
31.8  0.5
32.1  0.5
32.2  0.5
32.5  0.5
32.7  0.5
33.0  0.5
33.2  0.5
33.5  0.5
33.8  0.5
34.0  0.5
34.2  0.5
34.5  0.5
34.8  0.5
35.1  0.5
31.0  0.5
31.1  0.5
31.3  0.5
31.6  0.5
31.7  0.5
32.0  0.5
32.2  0.5
32.5  0.5
32.7  0.5
33.0  0.5
33.1  0.5
33.3  0.5
33.6  0.5
33.8  0.5
34.0  0.5
34.2  0.5
34.5  0.5
34.7  0.5
35.0  0.5
31.3  0.5
31.5  0.5
31.7  0.5
32.0  0.5
32.1  0.5
32.3  0.5
32.6  0.5
32.6  0.5
32.8  0.5
33.1  0.5
33.3  0.5
33.5  0.5
33.7  0.5
33.8  0.5
34.1  0.5
34.3  0.5
34.4  0.5
34.6  0.5
34.8  0.5
35.1  0.5
31.8  0.5
32.0  0.5
32.2  0.5
32.3  0.5
32.5  0.5
32.7  0.5
32.9  0.5
33.1  0.5
33.3  0.5
33.5  0.5
33.6  0.5
33.8  0.5
34.0  0.5
34.2  0.5
34.4  0.5
34.6  0.5
34.7  0.5
34.9  0.5
35.1  0.5
35.3  0.5
32.2  0.5
32.4  0.5
32.5  0.5
32.7  0.5
32.9  0.5
33.0  0.5
33.1  0.5
33.3  0.5
33.5  0.5
33.6  0.5
33.8  0.5
34.0  0.5
34.0  0.5
34.3  0.5
34.5  0.5
34.6  0.5
34.8  0.5
35.0  0.5
35.1  0.5
35.3  0.5
32.5  0.5
32.7  0.5
32.8  0.5
33.0  0.5
33.1  0.5
33.3  0.5
33.5  0.5
33.6  0.5
33.7  0.5
33.9  0.5
34.0  0.5
34.2  0.5
34.4  0.5
34.5  0.5
34.6  0.5
34.8  0.5
35.0  0.5
35.1  0.5
35.2  0.5
32.6  0.5
32.8  0.5
33.0  0.5
33.1  0.5
33.3  0.5
33.3  0.5
33.5  0.5
33.6  0.5
33.8  0.5
34.0  0.5
34.1  0.5
34.2  0.5
34.3  0.5
34.5  0.5
34.6  0.5
34.7  0.5
34.9  0.5
35.0  0.5
35.2  0.5
35.3  0.5
33.0  0.5
33.0  0.5
33.2  0.5
33.3  0.5
33.5  0.5
33.5  0.5
33.7  0.5
33.8  0.5
34.0  0.5
34.1  0.5
34.2  0.5
34.3  0.5
34.5  0.5
34.6  0.5
34.7  0.5
34.8  0.5
35.0  0.5
35.1  0.5
35.2  0.5
35.4  0.5
33.2  0.5
33.2  0.5
33.4  0.5
33.5  0.5
33.6  0.5
33.8  0.5
33.9  0.5
34.0  0.5
34.1  0.5
34.2  0.5
34.3  0.5
34.4  0.5
34.6  0.5
34.7  0.5
34.8  0.5
35.0  0.5
35.0  0.5
35.2  0.5
35.3  0.5
35.4  0.5
33.3  0.5
33.5  0.5
33.6  0.5
33.6  0.5
33.8  0.5
33.9  0.5
34.0  0.5
34.1  0.5
34.3  0.5
34.3  0.5
34.5  0.5
34.6  0.5
34.7  0.5
34.8  0.5
34.9  0.5
35.1  0.5
35.1  0.5
35.3  0.5
35.4  0.5
33.4  0.5
33.5  0.5
33.6  0.5
33.7  0.5
33.8  0.5
34.0  0.5
34.0  0.5
34.1  0.5
34.2  0.5
34.4  0.5
34.5  0.5
34.6  0.5
34.7  0.5
34.8  0.5
34.9  0.5
35.0  0.5
35.1  0.5
35.2  0.5
35.4  0.5
35.4  0.5
33.6  0.5
33.7  0.5
33.8  0.5
33.8  0.5
34.0  0.5
34.1  0.5
34.1  0.5
34.3  0.5
34.4  0.5
34.5  0.5
34.6  0.5
34.7  0.5
34.8  0.5
34.9  0.5
35.0  0.5
35.1  0.5
35.2  0.5
35.3  0.5
35.4  0.5
35.5  0.5
33.7  0.5
33.8  0.5
33.9  0.5
34.0  0.5
34.1  0.5
34.2  0.5
34.3  0.5
34.4  0.5
34.4  0.5
34.5  0.5
34.6  0.5
34.7  0.5
34.8  0.5
35.0  0.5
35.1  0.5
35.1  0.5
35.2  0.5
35.3  0.5
35.4  0.5
35.5  0.5
33.9  0.5
33.9  0.5
34.0  0.5
34.1  0.5
34.2  0.5
34.3  0.5
34.4  0.5
34.5  0.5
34.6  0.5
34.7  0.5
34.7  0.5
34.8  0.5
34.9  0.5
35.0  0.5
35.1  0.5
35.2  0.5
35.3  0.5
35.4  0.5
35.5  0.5
33.9  0.5
34.0  0.5
34.0  0.5
34.1  0.5
34.2  0.5
34.3  0.5
34.4  0.5
34.4  0.5
34.5  0.5
34.6  0.5
34.7  0.5
34.8  0.5
34.9  0.5
35.0  0.5
35.0  0.5
35.1  0.5
35.2  0.5
35.3  0.5
35.4  0.5
35.5  0.5
34.0  0.5
34.0  0.5
34.1  0.5
34.2  0.5
34.2  0.5
34.4  0.5
34.5  0.5
34.5  0.5
34.6  0.5
34.7  0.5
34.7  0.5
34.9  0.5
35.0  0.5
35.0  0.5
35.1  0.5
35.2  0.5
35.3  0.5
35.4  0.5
35.5  0.5
35.5  0.5
34.0  0.5
34.1  0.5
34.2  0.5
34.3  0.5
34.4  0.5
34.4  0.5
34.5  0.5
34.6  0.5
34.7  0.5
34.7  0.5
34.9  0.5
35.0  0.5
35.0  0.5
35.1  0.5
35.2  0.5
35.3  0.5
35.3  0.5
35.4  0.5
35.5  0.5
35.6  0.5
34.2  0.5
34.2  0.5
34.3  0.5
34.4  0.5
34.5  0.5
34.5  0.5
34.6  0.5
34.7  0.5
34.8  0.5
34.8  0.5
34.9  0.5
35.0  0.5
35.1  0.5
35.2  0.5
35.2  0.5
35.3  0.5
35.4  0.5
35.5  0.5
35.5  0.5
34.2  0.5
34.3  0.5
34.4  0.5
34.4  0.5
34.5  0.5
34.6  0.5
34.6  0.5
34.7  0.5
34.8  0.5
34.8  0.5
34.9  0.5
35.0  0.5
35.1  0.5
35.1  0.5
35.2  0.5
35.3  0.5
35.4  0.5
35.4  0.5
35.5  0.5
35.6  0.5
34.3  0.5
34.3  0.5
34.4  0.5
34.5  0.5
34.5  0.5
34.6  0.5
34.7  0.5
34.8  0.5
34.8  0.5
34.9  0.5
35.0  0.5
35.0  0.5
35.1  0.5
35.2  0.5
35.3  0.5
35.3  0.5
35.4  0.5
35.5  0.5
35.6  0.5
35.6  0.5
34.3  0.5
34.4  0.5
34.5  0.5
34.5  0.5
34.6  0.5
34.7  0.5
34.7  0.5
34.8  0.5
34.9  0.5
34.9  0.5
35.0  0.5
35.1  0.5
35.1  0.5
35.2  0.5
35.3  0.5
35.3  0.5
35.4  0.5
35.5  0.5
35.5  0.5
34.3  0.5
34.4  0.5
34.5  0.5
34.6  0.5
34.6  0.5
34.7  0.5
34.7  0.5
34.8  0.5
34.9  0.5
34.9  0.5
35.0  0.5
35.1  0.5
35.1  0.5
35.2  0.5
35.3  0.5
35.3  0.5
35.4  0.5
35.5  0.5
35.5  0.5
35.6  0.5
34.4  0.5
34.5  0.5
34.5  0.5
34.6  0.5
34.7  0.5
34.7  0.5
34.8  0.5
34.8  0.5
34.9  0.5
35.0  0.5
35.0  0.5
35.1  0.5
35.2  0.5
35.2  0.5
35.3  0.5
35.3  0.5
35.4  0.5
35.5  0.5
35.5  0.5
35.6  0.5
34.5  0.5
34.5  0.5
34.6  0.5
34.7  0.5
34.7  0.5
34.8  0.5
34.8  0.5
34.9  0.5
35.0  0.5
35.0  0.5
35.1  0.5
35.1  0.5
35.2  0.5
35.3  0.5
35.3  0.5
35.4  0.5
35.5  0.5
35.5  0.5
35.6  0.5
34.5  0.5
34.6  0.5
34.6  0.5
34.7  0.5
34.7  0.5
34.8  0.5
34.8  0.5
34.9  0.5
35.0  0.5
35.0  0.5
35.1  0.5
35.1  0.5
35.2  0.5
35.2  0.5
35.3  0.5
35.4  0.5
35.4  0.5
35.5  0.5
35.6  0.5
35.6  0.5
34.5  0.5
34.6  0.5
34.6  0.5
34.7  0.5
34.8  0.5
34.8  0.5
34.9  0.5
34.9  0.5
35.0  0.5
35.0  0.5
35.1  0.5
35.2  0.5
35.2  0.5
35.3  0.5
35.3  0.5
35.4  0.5
35.5  0.5
35.5  0.5
35.6  0.5
35.6  0.5
34.6  0.5
34.6  0.5
34.7  0.5
34.8  0.5
34.8  0.5
34.9  0.5
34.9  0.5
35.0  0.5
35.0  0.5
35.1  0.5
35.1  0.5
35.2  0.5
35.3  0.5
35.3  0.5
35.4  0.5
35.4  0.5
35.5  0.5
35.5  0.5
35.6  0.5
34.6  0.5
34.6  0.5
34.7  0.5
34.7  0.5
34.8  0.5
34.9  0.5
34.9  0.5
35.0  0.5
35.0  0.5
35.1  0.5
35.1  0.5
35.2  0.5
35.2  0.5
35.3  0.5
35.3  0.5
35.4  0.5
35.5  0.5
35.5  0.5
35.6  0.5
35.6  0.5
34.6  0.5
34.7  0.5
34.7  0.5
34.8  0.5
34.8  0.5
34.9  0.5
35.0  0.5
35.0  0.5
35.1  0.5
35.1  0.5
35.2  0.5
35.2  0.5
35.3  0.5
35.3  0.5
35.4  0.5
35.4  0.5
35.5  0.5
35.6  0.5
35.6  0.5
35.6  0.5
34.7  0.5
34.8  0.5
34.8  0.5
34.8  0.5
34.9  0.5
35.0  0.5
35.0  0.5
35.1  0.5
35.1  0.5
35.1  0.5
35.2  0.5
35.2  0.5
35.3  0.5
35.3  0.5
35.4  0.5
35.5  0.5
35.5  0.5
35.6  0.5
35.6  0.5
34.7  0.5
34.7  0.5
34.8  0.5
34.8  0.5
34.9  0.5
34.9  0.5
35.0  0.5
35.0  0.5
35.1  0.5
35.1  0.5
35.2  0.5
35.2  0.5
35.3  0.5
35.3  0.5
35.4  0.5
35.4  0.5
35.5  0.5
35.5  0.5
35.6  0.5
35.6  0.5
34.7  0.5
34.8  0.5
34.8  0.5
34.9  0.5
34.9  0.5
35.0  0.5
35.0  0.5
35.1  0.5
35.1  0.5
35.2  0.5
35.2  0.5
35.3  0.5
35.3  0.5
35.4  0.5
35.4  0.5
35.5  0.5
35.5  0.5
35.6  0.5
35.6  0.5
35.7  0.5
34.8  0.5
34.8  0.5
34.9  0.5
34.9  0.5
