14.0  0.4
15.0  0.4
16.0  0.4
17.0  0.4
18.0  0.4
19.0  0.4
21.0  0.4
22.0  0.4
23.0  0.4
24.0  0.4
25.0  0.4
26.0  0.4
27.0  0.4
28.0  0.4
30.0  0.4
31.0  0.4
16.0  0.4
16.5  0.4
17.5  0.4
18.0  0.4
18.5  0.4
19.0  0.4
19.5  0.4
20.0  0.4
20.0  0.4
21.0  0.4
21.0  0.4
22.0  0.4
22.5  0.4
23.0  0.4
23.5  0.4
24.5  0.4
25.0  0.4
25.5  0.4
26.0  0.4
27.0  0.4
18.0  0.4
18.6  0.4
19.0  0.4
19.3  0.4
19.6  0.4
20.0  0.4
20.3  0.4
20.6  0.4
21.0  0.4
21.6  0.4
22.0  0.4
22.3  0.4
22.6  0.4
23.0  0.4
23.3  0.4
23.6  0.4
24.0  0.4
24.3  0.4
24.6  0.4
19.0  0.4
19.0  0.4
19.5  0.4
19.7  0.4
20.0  0.4
20.2  0.4
20.7  0.4
20.7  0.4
21.2  0.4
21.5  0.4
21.7  0.4
22.0  0.4
22.2  0.4
22.5  0.4
23.0  0.4
23.2  0.4
23.5  0.4
23.7  0.4
24.0  0.4
24.2  0.4
19.6  0.4
20.0  0.4
20.2  0.4
20.4  0.4
20.6  0.4
20.8  0.4
21.2  0.4
21.4  0.4
21.6  0.4
21.8  0.4
22.0  0.4
22.2  0.4
22.4  0.4
22.6  0.4
22.8  0.4
23.0  0.4
23.4  0.4
23.6  0.4
24.0  0.4
24.2  0.4
20.3  0.4
20.5  0.4
20.6  0.4
20.8  0.4
21.0  0.4
21.1  0.4
21.3  0.4
21.5  0.4
21.8  0.4
22.0  0.4
22.1  0.4
22.3  0.4
22.6  0.4
22.6  0.4
22.8  0.4
23.1  0.4
23.3  0.4
23.5  0.4
23.6  0.4
20.4  0.4
20.5  0.4
20.7  0.4
21.0  0.4
21.0  0.4
21.2  0.4
21.5  0.4
21.5  0.4
21.8  0.4
22.0  0.4
22.1  0.4
22.2  0.4
22.4  0.4
22.5  0.4
22.7  0.4
22.8  0.4
23.1  0.4
23.1  0.4
23.4  0.4
23.5  0.4
20.7  0.4
20.8  0.4
21.0  0.4
21.1  0.4
21.2  0.4
21.3  0.4
21.5  0.4
21.7  0.4
21.8  0.4
22.1  0.4
22.1  0.4
22.3  0.4
22.5  0.4
22.6  0.4
22.7  0.4
22.8  0.4
23.1  0.4
23.2  0.4
23.3  0.4
23.5  0.4
21.1  0.4
21.2  0.4
21.3  0.4
21.4  0.4
21.5  0.4
21.7  0.4
21.8  0.4
22.0  0.4
22.1  0.4
22.2  0.4
22.3  0.4
22.4  0.4
22.6  0.4
22.6  0.4
22.8  0.4
23.0  0.4
23.1  0.4
23.1  0.4
23.3  0.4
21.1  0.4
21.2  0.4
21.3  0.4
21.5  0.4
21.5  0.4
21.7  0.4
21.8  0.4
21.9  0.4
22.0  0.4
22.1  0.4
22.3  0.4
22.3  0.4
22.5  0.4
22.6  0.4
22.7  0.4
22.8  0.4
23.0  0.4
23.1  0.4
23.2  0.4
23.3  0.4
21.2  0.4
21.3  0.4
21.4  0.4
21.5  0.4
21.6  0.4
21.7  0.4
21.8  0.4
22.0  0.4
22.0  0.4
22.2  0.4
22.3  0.4
22.4  0.4
22.5  0.4
22.7  0.4
22.7  0.4
22.9  0.4
23.0  0.4
23.0  0.4
23.1  0.4
21.3  0.4
21.5  0.4
21.5  0.4
21.6  0.4
21.7  0.4
21.8  0.4
21.9  0.4
22.0  0.4
22.0  0.4
22.1  0.4
22.3  0.4
22.4  0.4
22.4  0.4
22.5  0.4
22.6  0.4
22.6  0.4
22.8  0.4
22.9  0.4
23.0  0.4
23.0  0.4
21.3  0.4
21.4  0.4
21.5  0.4
21.6  0.4
21.7  0.4
21.8  0.4
21.9  0.4
22.0  0.4
22.0  0.4
22.1  0.4
22.3  0.4
22.3  0.4
22.4  0.4
22.6  0.4
22.6  0.4
22.7  0.4
22.8  0.4
22.9  0.4
23.0  0.4
23.0  0.4
21.5  0.4
21.5  0.4
21.7  0.4
21.7  0.4
21.8  0.4
21.9  0.4
22.0  0.4
22.0  0.4
22.1  0.4
22.2  0.4
22.2  0.4
22.3  0.4
22.5  0.4
22.5  0.4
22.6  0.4
22.7  0.4
22.7  0.4
22.9  0.4
23.0  0.4
23.0  0.4
21.6  0.4
21.6  0.4
21.7  0.4
21.8  0.4
21.8  0.4
22.0  0.4
22.0  0.4
22.1  0.4
22.2  0.4
22.2  0.4
22.4  0.4
22.4  0.4
22.5  0.4
22.6  0.4
22.6  0.4
22.7  0.4
22.8  0.4
22.8  0.4
22.9  0.4
21.6  0.4
21.6  0.4
21.7  0.4
21.8  0.4
21.8  0.4
21.9  0.4
22.0  0.4
22.1  0.4
22.1  0.4
22.1  0.4
22.3  0.4
22.3  0.4
22.4  0.4
22.5  0.4
22.5  0.4
22.6  0.4
22.7  0.4
22.8  0.4
22.8  0.4
22.9  0.4
21.7  0.4
21.7  0.4
21.8  0.4
21.8  0.4
21.9  0.4
22.0  0.4
22.0  0.4
22.1  0.4
22.1  0.4
22.2  0.4
22.3  0.4
22.3  0.4
22.4  0.4
22.5  0.4
22.5  0.4
22.6  0.4
22.7  0.4
22.8  0.4
22.8  0.4
21.6  0.4
21.7  0.4
21.7  0.4
21.8  0.4
21.8  0.4
22.0  0.4
22.0  0.4
22.1  0.4
22.1  0.4
22.2  0.4
22.3  0.4
22.3  0.4
22.4  0.4
22.5  0.4
22.5  0.4
22.6  0.4
22.6  0.4
22.7  0.4
22.8  0.4
22.8  0.4
21.7  0.4
21.7  0.4
21.8  0.4
21.8  0.4
21.9  0.4
22.0  0.4
22.0  0.4
22.1  0.4
22.2  0.4
22.2  0.4
22.3  0.4
22.3  0.4
22.4  0.4
22.4  0.4
22.5  0.4
22.6  0.4
22.6  0.4
22.7  0.4
22.7  0.4
22.8  0.4
21.8  0.4
21.8  0.4
21.9  0.4
22.0  0.4
22.0  0.4
22.1  0.4
22.1  0.4
22.2  0.4
22.3  0.4
22.3  0.4
22.3  0.4
22.4  0.4
22.4  0.4
22.5  0.4
22.6  0.4
22.6  0.4
22.7  0.4
22.7  0.4
22.8  0.4
21.8  0.4
21.8  0.4
21.9  0.4
21.9  0.4
22.0  0.4
22.0  0.4
22.1  0.4
22.1  0.4
22.2  0.4
22.2  0.4
22.3  0.4
22.3  0.4
22.4  0.4
22.5  0.4
22.5  0.4
22.6  0.4
22.6  0.4
22.7  0.4
22.7  0.4
22.8  0.4
21.8  0.4
21.9  0.4
21.9  0.4
22.0  0.4
22.0  0.4
22.1  0.4
22.1  0.4
22.1  0.4
22.2  0.4
22.3  0.4
22.3  0.4
22.4  0.4
22.5  0.4
22.5  0.4
22.5  0.4
22.6  0.4
22.6  0.4
22.7  0.4
22.7  0.4
22.8  0.4
21.8  0.4
21.9  0.4
22.0  0.4
22.0  0.4
22.0  0.4
22.1  0.4
22.1  0.4
22.2  0.4
22.3  0.4
22.3  0.4
22.3  0.4
22.4  0.4
22.5  0.4
22.5  0.4
22.5  0.4
22.6  0.4
22.6  0.4
22.6  0.4
22.7  0.4
21.8  0.4
21.9  0.4
22.0  0.4
22.0  0.4
22.0  0.4
22.1  0.4
22.1  0.4
22.2  0.4
22.2  0.4
22.3  0.4
22.3  0.4
22.4  0.4
22.4  0.4
22.5  0.4
22.5  0.4
22.5  0.4
22.6  0.4
22.7  0.4
22.7  0.4
22.7  0.4
21.9  0.4
21.9  0.4
22.0  0.4
22.0  0.4
22.1  0.4
22.1  0.4
22.2  0.4
22.2  0.4
22.3  0.4
22.3  0.4
22.4  0.4
22.4  0.4
22.4  0.4
22.5  0.4
22.6  0.4
22.6  0.4
22.6  0.4
22.7  0.4
22.8  0.4
21.9  0.4
22.0  0.4
22.0  0.4
22.0  0.4
22.1  0.4
22.1  0.4
22.1  0.4
22.2  0.4
22.2  0.4
22.3  0.4
22.3  0.4
22.3  0.4
22.4  0.4
22.5  0.4
22.5  0.4
22.6  0.4
22.6  0.4
22.6  0.4
22.7  0.4
22.8  0.4
22.0  0.4
22.0  0.4
22.0  0.4
22.1  0.4
22.1  0.4
22.1  0.4
22.2  0.4
22.2  0.4
22.2  0.4
22.3  0.4
22.4  0.4
22.4  0.4
22.4  0.4
22.5  0.4
22.5  0.4
22.5  0.4
22.6  0.4
22.6  0.4
22.7  0.4
22.7  0.4
22.0  0.4
22.0  0.4
22.1  0.4
22.1  0.4
22.2  0.4
22.2  0.4
22.2  0.4
22.2  0.4
22.3  0.4
22.3  0.4
22.4  0.4
22.5  0.4
22.5  0.4
22.5  0.4
22.6  0.4
22.6  0.4
22.6  0.4
22.7  0.4
22.7  0.4
22.0  0.4
22.0  0.4
22.0  0.4
22.1  0.4
22.1  0.4
22.2  0.4
22.2  0.4
22.3  0.4
22.3  0.4
22.3  0.4
22.4  0.4
22.4  0.4
22.4  0.4
22.5  0.4
22.5  0.4
22.6  0.4
22.6  0.4
22.6  0.4
22.7  0.4
22.7  0.4
22.0  0.4
22.1  0.4
22.1  0.4
22.1  0.4
22.2  0.4
22.2  0.4
22.2  0.4
22.3  0.4
22.3  0.4
22.3  0.4
22.4  0.4
22.4  0.4
22.5  0.4
22.5  0.4
22.6  0.4
22.6  0.4
22.6  0.4
22.7  0.4
22.7  0.4
22.7  0.4
22.0  0.4
22.0  0.4
22.1  0.4
22.1  0.4
22.2  0.4
22.2  0.4
22.3  0.4
22.3  0.4
22.3  0.4
22.4  0.4
22.4  0.4
22.4  0.4
22.5  0.4
22.5  0.4
22.5  0.4
22.6  0.4
22.6  0.4
22.6  0.4
22.7  0.4
22.0  0.4
22.0  0.4
